0,-1,-1,-1,5,6,20,11110100000000000000
RELATIONCAT,6,5,4,4,20
ATTRIBUTECAT,6,17,5,5,20
S11_Students,2,17581,6,294,61
S11_9_Students,2,3505,1284,1347,61
NULL,2,3505,1284,1347,61
S11_c_Students,1,679,1290,1295,118
NULL,1,679,1290,1295,118
NULL,1,679,1290,1295,118
NULL,1,679,1290,1295,118
NULL,1,679,1290,1295,118
NULL,1,679,1290,1295,118
NULL,1,679,1290,1295,118
NULL,1,679,1290,1295,118
NULL,1,679,1290,1295,118
NULL,1,679,1290,1295,118
NULL,1,679,1290,1295,118
NULL,1,679,1290,1295,118
NULL,1,679,1290,1295,118
NULL,1,679,1290,1295,118
NULL,1,679,1290,1295,118
